4.123076
4.96923
4.776923
5.784615
5.94
6.159999
4.80923
6.015384
5.927692
5.176923
5.252307
4.903077
5.384615
5.443077
4.92
5.463077
5.527692
5.052307
5.612307
5.584615
5.010769
5.059999
5.607692
4.992307
5.590769
5.655384
5.033846
5.656923
5.639999
5.52923
4.955384
5.695384
4.166153
4.890769
4.984615
4.007692
4.266153
4.427692
4.378461
4.527692
4.475384
5.936923
5.464615
5.501538
5.583076
5.687692
5.026154
4.98
4.886153
5.466153
5.461538
5.184615
5.438461
5.403077
5.427692
4.855384
4.818461
5.336923
4.736923
4.70923
5.203076
5.199999
5.166153
5.098461
5.070769
5.112307
4.579999
5.02923
4.993845
4.88
4.313846
4.976922
5.044615
5.206153
5.173846
5.206153
5.210769
4.655384
4.60923
5.046154
5.033846
4.556922
4.610769
5.095384
5.126153
5.103076
5.112307
5.181538
4.646153
5.244615
5.213846
4.623076
4.635384
5.098461
5.104615
4.596922
5.095384
5.103076
4.596922
4.701538
5.178461
4.715384
4.766153
5.241538
4.655384
5.290769
4.773846
4.743076
5.364615
5.293846
4.824615
4.818461
5.313846
5.387692
4.910769
4.441538
4.858461
4.947692
4.846153
4.90923
4.824615
4.90923
4.861538
4.910769
4.935384
4.970769
4.855384
4.947692
4.639999
4.516922
4.861538
4.82923
4.735384
4.753846
4.70923
4.70923
4.778461
4.683076
4.433845
3.241538
3.643076
3.666153
3.658461
3.623076
3.587692
3.599999
3.596923
3.607692
3.604615
3.618461
3.579999
3.578461
3.56923
3.564615
3.570769
3.552307
3.203076
3.564615
3.566153
3.606153
3.623076
3.536923
3.872307
4.701538
4.890769
4.836923
4.632307
5.16923
5.175384
5.207692
5.144615
5.153846
5.223076
4.658461
5.190769
5.216923
5.175384
5.130769
5.155384
5.706153
5.84923
5.787692
4.579999
4.68923
5.410769
5.593846
5.390769
4.92923
5.821538
5.943077
5.218461
5.886153
5.892307
5.886153
5.921538
5.864615
5.781538
5.296923
6.010769
5.978461
5.32923
5.876923
5.846153
5.943077
6.001538
5.833846
5.750769
5.712307
5.818461
5.947692
5.984615
5.881538
5.716923
5.858461
5.678461
5.726153
5.773846
5.244615
5.810769
5.86
5.803076
5.126153
5.687692
5.750769
5.86923
5.983077
6.041538
5.970769
5.36
5.926153
6.010769
6.053846
5.930769
5.933845
6.016922
5.995384
5.841538
5.92
6.044615
5.983077
5.952307
6.047692
5.981538
5.366153
5.901538
6.026154
5.332307
6.016922
5.28923
5.801538
5.938461
6.047692
5.943077
5.312307
5.904615
5.98923
5.924615
5.915384
5.893846
6.027692
5.446153
6.053846
5.964615
6.010769
6.02923
5.801538
5.347692
5.956923
6.092307
5.975384
5.298461
5.996922
6.078461
5.981538
5.998461
5.998461
6.053846
5.943077
5.998461
6.070769
5.335384
5.961538
5.910769
5.861538
5.92
5.807692
5.76
5.803076
5.187692
5.815384
5.952307
5.936923
5.670769
5.923077
5.933845
6.063076
6.092307
5.98923
6.052307
6.004615
6.04923
5.981538
5.404615
6.04923
6.099999
5.96923
6.035384
6.08923
6.056922
5.40923
5.992307
6.06923
6.024615
6.056922
5.986154
6.016922
5.343076
5.793846
5.936923
5.795384
5.744615
5.715384
5.621538
5.8
6.0
5.915384
5.930769
6.001538
6.033846
6.043076
5.938461
6.030769
6.052307
5.930769
6.04923
5.34
5.386153
5.963077
6.039999
5.341538
5.967692
5.976922
6.007692
6.066154
5.943077
6.0
6.095384
5.324615
6.007692
6.070769
6.067692
5.998461
6.078461
5.972307
5.966153
6.076922
6.066154
5.347692
5.966153
6.053846
5.952307
5.961538
6.003077
6.070769
5.936923
5.912307
6.056922
5.338461
5.938461
5.955384
6.055384
6.015384
5.976922
5.964615
5.376923
6.059999
5.96
5.958461
5.4
6.063076
5.94
6.036922
5.933845
5.955384
6.055384
6.02923
5.963077
6.006154
6.067692
5.956923
5.987692
6.059999
5.961538
5.303076
5.983077
6.053846
5.916923
5.961538
6.041538
5.986154
5.952307
5.924615
5.990769
5.367692
6.003077
5.88923
5.995384
5.678461
5.732307
5.666153
5.187692
5.870769
6.02923
5.906153
6.061538
5.916923
5.906153
6.056922
6.066154
5.938461
5.383077
6.02923
5.932307
5.981538
6.036922
6.00923
5.946153
5.338461
6.04923
5.998461
6.006154
5.92923
5.92
6.043076
5.893846
5.404615
6.035384
6.027692
5.352307
5.941538
5.910769
6.046154
5.926153
5.923077
6.053846
5.406153
5.987692
5.935384
5.504615
5.886153
6.035384
5.94923
6.006154
6.047692
5.913846
5.281538
5.938461
6.024615
6.026154
5.96923
6.039999
6.024615
5.9
6.018461
5.913846
5.895384
5.941538
6.012307
5.996922
5.938461
5.9
5.995384
5.88923
6.00923
5.278461
5.913846
5.863077
5.993845
6.023077
6.006154
5.910769
5.913846
6.036922
5.906153
5.304615
5.915384
6.001538
6.061538
5.912307
5.918461
6.024615
5.986154
5.921538
5.92
6.006154
6.02923
5.901538
6.055384
5.92923
5.88
5.993845
5.9
6.007692
6.032307
5.896923
5.895384
6.061538
5.896923
5.906153
5.943077
5.332307
5.995384
6.052307
5.9
6.012307
5.896923
5.918461
5.995384
5.967692
5.92
5.92
5.986154
5.92
5.273846
5.904615
5.995384
6.013846
5.901538
5.872307
6.003077
6.024615
5.883077
5.921538
5.884615
5.963077
6.013846
5.921538
5.883077
6.018461
6.026154
5.664615
5.92
5.898461
6.030769
5.353846
5.983077
5.92
5.941538
5.367692
6.010769
6.001538
5.261538
5.901538
5.907692
6.010769
5.98923
5.950769
5.947692
5.341538
6.053846
5.913846
5.873846
6.030769
5.986154
5.843076
5.873846
5.86
5.953845
5.924615
5.826153
5.884615
5.835384
5.18923
5.723076
5.790769
5.721538
5.76923
5.773846
5.864615
5.090769
5.581538
5.684615
5.664615
5.60923
5.686153
5.632307
5.026154
5.746153
5.726153
5.744615
5.767692
5.758461
5.739999
5.78
5.735384
5.798461
5.84923
5.735384
5.670769
5.695384
5.775384
5.784615
5.790769
5.88923
5.795384
5.775384
5.967692
5.310769
5.950769
5.886153
5.844615
5.827692
5.955384
5.956923
5.212307
5.846153
5.858461
5.321538
5.956923
5.947692
5.826153
5.873846
5.841538
5.926153
5.310769
5.956923
5.832307
5.713846
5.599999
5.578461
5.632307
5.592307
5.635384
5.635384
5.612307
5.607692
5.546154
5.623076
5.666153
5.604615
5.598461
5.575384
5.652307
5.636923
4.986154
5.696923
5.730769
5.692307
5.652307
5.530769
5.641538
5.735384
5.738461
5.573846
4.950769
5.695384
5.672307
5.672307
5.786153
5.881538
5.916923
5.858461
5.838461
5.818461
5.296923
5.94923
5.870769
5.92
6.018461
5.998461
5.846153
5.9
5.892307
5.84923
5.932307
5.992307
5.224615
5.863077
5.895384
5.964615
5.96
5.861538
5.86923
5.970769
5.833846
5.895384
5.975384
5.296923
6.003077
5.998461
5.444615
5.903077
5.884615
5.947692
5.986154
5.890769
5.833846
5.324615
5.970769
5.944615
6.0
5.907692
5.950769
5.936923
5.895384
5.863077
5.94
5.947692
5.870769
5.241538
5.82923
5.987692
5.873846
5.835384
6.018461
5.990769
5.94923
5.901538
5.964615
5.601538
5.96923
5.818461
5.946153
5.955384
5.938461
5.876923
5.24923
5.956923
6.006154
5.883077
5.827692
6.001538
5.953845
5.276923
5.958461
5.864615
5.823076
5.936923
5.978461
5.818461
5.852307
5.92
5.950769
5.815384
5.783076
5.807692
5.681538
5.098461
5.787692
5.621538
5.698461
5.773846
5.76
5.786153
5.776923
5.872307
5.924615
5.787692
5.776923
5.847692
5.858461
5.221538
5.92
5.830769
5.933845
5.235384
5.950769
5.912307
5.806153
5.82923
5.921538
5.812307
5.22923
5.9
5.830769
5.795384
5.941538
5.892307
5.798461
5.833846
5.82923
5.906153
5.838461
5.806153
5.913846
5.952307
5.812307
5.82
5.830769
5.975384
5.938461
5.80923
5.853846
5.926153
5.264615
5.921538
5.807692
5.807692
5.926153
5.903077
5.815384
5.239999
5.813846
5.78923
5.850769
5.484615
5.416923
5.683076
5.758461
5.778461
5.832307
5.895384
5.901538
5.82
5.815384
5.830769
5.901538
5.88
5.813846
5.247692
5.838461
5.886153
5.921538
5.82
5.827692
5.78923
5.926153
5.8
5.82923
5.867692
5.843076
5.206153
5.776923
5.938461
5.913846
5.892307
5.833846
5.82
5.924615
5.923077
5.875384
5.866153
5.203076
5.813846
5.930769
5.92
5.84
5.838461
5.916923
5.896923
5.864615
5.844615
5.818461
5.956923
5.92923
5.798461
5.92
5.933845
5.823076
5.790769
5.926153
5.292307
5.890769
5.807692
5.226153
5.798461
5.88923
5.901538
5.792307
5.82923
5.876923
5.273846
5.826153
5.803076
5.883077
5.915384
5.884615
5.750769
5.80923
5.855384
5.830769
5.787692
5.781538
5.818461
5.875384
5.236923
5.838461
5.810769
5.143076
5.76
5.756923
5.796923
5.256923
5.875384
5.906153
5.923077
5.755384
5.80923
5.881538
5.243076
5.92
5.783076
5.841538
5.226153
5.881538
5.923077
5.781538
5.753846
5.80923
5.867692
5.216923
5.803076
5.763076
5.830769
5.815384
5.863077
5.936923
5.78923
5.878461
5.913846
5.770769
5.755384
5.815384
5.772307
5.866153
5.918461
5.781538
5.163076
5.826153
5.883077
5.24923
5.795384
5.76923
5.932307
5.250769
5.858461
5.810769
5.466153
5.76923
5.943077
5.803076
5.756923
5.793846
5.78
5.883077
5.836923
5.8
5.761538
5.775384
5.821538
5.855384
5.776923
5.727692
5.733846
5.764615
5.730769
5.723076
5.786153
5.761538
5.110769
5.786153
5.823076
5.84
5.123076
5.790769
5.78
5.801538
5.199999
5.84
5.826153
5.886153
5.196923
5.724615
5.815384
5.770769
5.824615
5.901538
5.746153
5.175384
5.781538
5.747692
5.739999
5.755384
5.741538
5.727692
5.736923
5.736923
5.713846
5.752307
5.732307
5.718461
5.761538
5.72923
5.76
5.730769
5.753846
5.741538
5.726153
5.753846
5.147692
5.732307
5.772307
5.216923
5.838461
5.852307
5.724615
5.706153
5.766153
5.747692
5.135384
5.795384
5.773846
5.367692
5.78
5.856923
5.856923
5.747692
5.76
5.833846
5.776923
5.736923
5.723076
5.750769
5.741538
5.730769
5.764615
5.736923
5.126153
5.790769
5.832307
5.827692
5.750769
5.741538
5.750769
5.773846
5.715384
5.730769
5.155384
5.72923
5.784615
5.850769
5.792307
5.793846
5.783076
5.18923
5.864615
5.786153
5.739999
5.773846
5.727692
5.743076
5.770769
5.84
5.82923
5.721538
5.778461
5.70923
5.772307
5.770769
5.646153
5.5
5.54923
5.523077
4.878461
5.396923
5.507692
5.635384
5.658461
5.747692
5.698461
5.698461
5.758461
5.719999
5.104615
5.743076
5.718461
5.713846
5.76923
5.732307
5.724615
5.730769
5.744615
5.738461
5.786153
5.838461
5.832307
5.767692
5.750769
5.696923
5.761538
5.712307
5.724615
5.739999
5.263076
5.70923
5.773846
5.812307
5.815384
5.741538
5.693846
5.086153
5.732307
5.687692
5.70923
5.739999
5.695384
5.772307
5.14923
5.796923
5.823076
5.724615
5.712307
5.756923
5.743076
5.70923
5.747692
5.696923
5.733846
5.72923
5.813846
5.864615
5.707692
5.703076
5.727692
5.684615
5.696923
5.72923
5.684615
5.686153
5.715384
5.703076
5.083076
5.698461
5.68923
5.696923
5.710769
5.681538
5.692307
5.123076
5.666153
5.695384
5.696923
5.552307
5.606153
5.735384
5.663076
5.627692
5.538461
4.964615
5.621538
5.739999
5.695384
5.696923
5.763076
5.713846
5.699999
5.736923
5.698461
5.703076
5.727692
5.693846
5.678461
5.706153
5.693846
5.710769
5.719999
5.690769
5.695384
5.112307
5.699999
5.695384
5.727692
5.68923
5.78923
5.716923
5.08923
5.741538
5.710769
5.681538
5.723076
5.698461
5.701538
5.138461
5.68923
5.775384
5.784615
5.658461
5.670769
5.690769
5.647692
5.686153
5.684615
5.652307
5.686153
5.652307
5.661538
5.666153
5.676923
5.633846
5.086153
5.692307
5.663076
5.681538
5.670769
5.667692
5.727692
5.690769
5.672307
5.70923
5.087692
5.564615
5.513846
5.526154
5.5
5.598461
5.635384
5.550769
5.555384
5.763076
5.778461
5.08923
5.679999
5.64923
5.807692
5.766153
5.747692
5.806153
5.703076
5.679999
5.74923
5.667692
5.659999
5.732307
5.695384
5.095384
5.715384
5.653846
5.659999
5.698461
5.696923
5.692307
5.690769
5.672307
5.675384
5.123076
5.672307
5.673846
5.698461
5.650769
5.681538
5.716923
5.646153
5.686153
5.718461
5.092307
5.672307
5.735384
5.679999
5.670769
5.736923
5.659999
5.653846
5.716923
5.653846
5.046154
5.699999
5.661538
5.661538
5.707692
5.678461
5.667692
5.72923
5.643076
5.70923
5.747692
5.752307
5.78
5.772307
5.686153
5.626153
5.667692
5.679999
5.383077
5.681538
5.663076
5.087692
5.676923
5.664615
5.639999
5.692307
5.678461
5.615384
5.684615
5.679999
5.650769
5.672307
5.692307
5.646153
5.66923
5.646153
5.667692
5.76
5.66923
5.087692
5.638461
5.701538
5.713846
5.656923
5.721538
5.706153
5.661538
5.723076
5.699999
5.08923
5.801538
5.793846
5.679999
5.716923
5.681538
5.686153
5.72923
5.707692
5.686153
5.755384
5.698461
5.696923
5.741538
5.695384
5.698461
5.736923
5.056922
5.664615
5.741538
5.701538
5.675384
5.719999
5.695384
5.636923
5.724615
5.672307
5.055384
5.70923
5.684615
5.676923
5.616922
5.436923
5.567692
5.02923
5.641538
5.74923
5.676923
5.684615
5.770769
5.66923
5.664615
5.710769
5.687692
5.679999
5.703076
5.667692
5.679999
5.127692
5.698461
5.667692
5.72923
5.74923
5.784615
5.686153
5.073846
5.638461
5.598461
5.644615
5.632307
5.653846
5.64923
5.393846
5.653846
5.618461
5.067692
5.635384
5.636923
5.646153
5.667692
5.619999
5.661538
5.664615
5.653846
5.646153
5.650769
5.613846
5.567692
5.492307
5.495384
5.52923
5.481538
4.804615
5.626153
5.610769
5.679999
5.658461
5.661538
5.655384
5.679999
5.638461
5.659999
5.087692
5.653846
5.661538
5.670769
5.64923
5.74923
5.766153
5.123076
5.726153
5.767692
5.736923
5.735384
5.750769
5.710769
5.726153
5.776923
5.627692
5.172307
5.68923
5.653846
5.663076
5.664615
5.684615
5.679999
5.112307
5.679999
5.656923
5.718461
5.670769
5.676923
5.693846
5.679999
5.653846
5.696923
5.095384
5.663076
5.664615
5.701538
5.683076
5.664615
5.723076
5.675384
5.667692
5.716923
5.698461
5.667692
5.706153
5.683076
5.676923
5.732307
5.699999
5.132307
5.732307
5.710769
5.181538
5.775384
5.818461
5.807692
5.707692
5.721538
5.692307
5.123076
5.707692
5.679999
5.723076
5.692307
5.670769
5.723076
5.704615
5.676923
5.701538
5.115384
5.690769
5.710769
5.736923
5.650769
5.68923
5.713846
5.667692
5.732307
5.703076
5.064615
5.698461
5.704615
5.672307
5.672307
5.706153
5.666153
5.08923
5.675384
5.676923
5.723076
5.68923
5.758461
5.80923
5.079999
5.704615
5.718461
5.661538
5.679999
5.703076
5.686153
5.706153
5.70923
5.667692
5.726153
5.692307
5.655384
5.696923
5.692307
5.655384
5.701538
5.096922
5.698461
5.696923
5.70923
5.764615
5.807692
5.78923
5.076922
5.721538
5.741538
5.716923
5.735384
5.704615
5.718461
5.738461
5.70923
5.723076
5.663076
5.696923
5.733846
5.719999
5.692307
5.74923
5.804615
5.139999
5.82923
5.701538
5.692307
5.706153
5.678461
5.667692
5.696923
5.655384
5.661538
5.704615
5.676923
5.663076
5.695384
5.687692
5.661538
5.724615
5.095384
5.676923
5.712307
5.684615
5.686153
5.713846
5.68923
5.161538
5.790769
5.78923
5.727692
5.707692
5.695384
5.746153
5.699999
5.732307
5.735384
5.095384
5.703076
5.744615
5.704615
5.712307
5.741538
5.687692
5.673846
5.716923
5.704615
5.063076
5.716923
5.703076
5.661538
5.712307
5.704615
5.683076
5.12923
5.692307
5.655384
5.732307
5.675384
5.644615
5.727692
5.673846
5.664615
5.727692
5.084615
5.673846
5.716923
5.716923
5.673846
5.703076
5.666153
5.618461
5.590769
5.376923
5.452307
5.512307
5.424615
5.410769
5.633846
5.643076
5.673846
5.132307
5.675384
5.676923
5.115384
5.687692
5.670769
5.719999
5.676923
5.701538
5.72923
5.115384
5.784615
5.806153
5.673846
5.707692
5.719999
5.715384
5.741538
5.735384
5.716923
5.133846
5.752307
5.703076
5.732307
5.746153
5.706153
5.775384
5.746153
5.716923
5.776923
5.184615
5.78923
5.764615
5.732307
5.716923
5.72923
5.738461
5.123076
5.741538
5.730769
5.704615
5.710769
5.672307
5.698461
5.493845
5.687692
5.672307
5.107692
5.684615
5.676923
5.686153
5.623076
5.663076
5.68923
5.736923
5.773846
5.732307
5.723076
5.772307
5.653846
5.62923
5.058461
5.639999
5.60923
5.727692
5.676923
5.732307
5.763076
5.632307
5.753846
5.735384
5.058461
5.736923
5.732307
5.704615
5.747692
5.724615
5.706153
5.755384
5.727692
5.718461
5.143076
5.727692
5.692307
5.743076
5.710769
5.678461
5.750769
5.704615
5.692307
5.713846
5.716923
5.676923
5.727692
5.701538
5.686153
5.747692
5.723076
5.081538
5.736923
5.710769
5.710769
5.723076
5.698461
5.692307
5.719999
5.704615
5.679999
5.112307
5.70923
5.690769
5.723076
5.692307
5.673846
5.72923
5.586153
5.647692
5.615384
5.579999
5.592307
5.623076
5.599999
5.595384
5.604615
5.572307
5.006154
5.607692
5.621538
5.595384
5.592307
5.579999
5.596922
5.612307
5.598461
5.573846
5.001538
5.576922
5.596922
5.613846
5.590769
5.606153
5.612307
5.567692
5.576922
5.630769
5.595384
5.556922
5.624615
5.587692
5.567692
5.610769
5.572307
4.995384
5.598461
5.576922
4.976922
5.593846
5.587692
5.58923
5.583076
5.563076
5.592307
4.976922
5.56923
5.623076
5.593846
5.556922
5.618461
5.612307
5.001538
5.612307
5.575384
5.532307
5.615384
5.633846
5.578461
5.632307
5.603076
5.599999
5.607692
5.58923
5.653846
5.692307
5.655384
5.659999
5.696923
5.076922
5.661538
5.698461
5.038461
5.666153
5.693846
5.687692
5.653846
5.706153
5.678461
5.052307
5.679999
5.681538
5.075384
5.676923
5.667692
5.663076
5.699999
5.675384
5.675384
5.687692
5.667692
5.666153
5.672307
5.623076
5.553846
5.381538
5.375384
5.375384
5.406153
4.781538
5.321538
5.375384
5.4
4.82
4.943077
5.510769
5.535384
4.952307
5.486154
5.481538
5.523077
5.470769
5.481538
5.506154
4.886153
5.415384
5.375384
5.28
5.481538
5.510769
5.513846
5.538461
5.490769
5.48923
5.446153
5.401538
5.493845
5.496922
4.90923
5.495384
5.46
5.4
5.36
5.615384
5.001538
5.598461
5.656923
5.635384
5.626153
5.690769
5.672307
5.624615
5.679999
5.656923
5.038461
5.684615
5.661538
5.626153
5.710769
5.675384
5.658461
5.732307
5.655384
5.632307
5.686153
5.656923
5.632307
5.723076
5.686153
5.64923
5.604615
4.995384
5.559999
5.599999
5.304615
5.561538
5.621538
5.563076
5.561538
5.60923
5.555384
5.043076
5.586153
5.544615
5.633846
5.586153
5.547692
5.630769
5.561538
5.54923
5.675384
5.638461
5.644615
5.683076
5.636923
5.607692
5.675384
5.624615
5.007692
5.678461
5.635384
5.630769
5.661538
5.626153
5.643076
5.64923
5.639999
5.653846
5.330769
5.667692
5.644615
5.726153
5.650769
5.653846
5.699999
5.08923
5.593846
5.592307
5.581538
5.567692
5.584615
5.567692
5.556922
5.593846
5.566154
5.556922
5.598461
5.555384
5.555384
5.623076
5.573846
5.593846
5.043076
5.573846
5.559999
5.004615
5.556922
5.539999
5.621538
5.556922
5.544615
5.595384
4.950769
5.556922
5.599999
5.133846
5.56923
5.599999
5.558461
5.555384
5.592307
5.56923
5.573846
5.555384
5.5
5.524615
5.535384
5.616922
5.524615
5.533846
5.006154
5.536922
5.515384
4.992307
5.544615
5.56923
5.567692
5.538461
5.623076
5.618461
4.966153
5.606153
5.583076
5.547692
5.599999
5.624615
5.579999
5.601538
5.618461
5.567692
5.58923
5.703076
5.675384
5.72923
5.663076
5.661538
5.719999
5.035384
5.646153
5.710769
5.670769
5.646153
5.695384
5.653846
5.04923
5.583076
5.564615
5.60923
5.616922
5.576922
5.646153
5.018461
5.587692
5.646153
5.118461
5.598461
5.639999
5.618461
5.570769
5.633846
5.624615
5.559999
5.64923
5.559999
5.559999
5.618461
5.56923
5.661538
5.692307
5.641538
5.661538
5.687692
5.635384
5.638461
5.696923
5.655384
5.673846
5.716923
5.052307
5.64923
5.658461
5.650769
5.703076
5.695384
5.667692
5.064615
5.692307
5.679999
5.133846
5.693846
5.650769
5.673846
5.701538
5.66923
5.655384
5.623076
5.546154
5.650769
5.626153
5.592307
5.639999
5.627692
5.572307
5.647692
5.62923
5.613846
5.618461
5.593846
5.606153
5.621538
5.606153
5.626153
5.050769
5.599999
5.610769
5.627692
5.598461
5.584615
5.587692
5.595384
5.575384
5.606153
5.636923
5.599999
5.670769
5.596922
5.599999
5.643076
5.604615
5.593846
5.612307
5.612307
4.998461
5.592307
5.595384
5.595384
5.60923
5.659999
5.666153
5.086153
5.692307
5.681538
5.703076
5.663076
5.661538
5.690769
5.636923
5.684615
5.723076
5.064615
5.701538
5.741538
5.690769
5.68923
5.693846
5.666153
5.707692
5.721538
5.661538
5.70923
5.581538
5.590769
5.675384
5.635384
5.592307
5.655384
5.036922
5.576922
5.658461
5.632307
5.583076
5.650769
5.613846
5.566154
5.644615
5.604615
4.995384
5.624615
5.626153
5.586153
5.632307
5.64923
5.610769
5.658461
5.655384
5.606153
5.676923
5.632307
5.607692
5.670769
5.646153
5.598461
5.656923
5.04923
5.632307
5.673846
5.618461
5.623076
5.661538
5.630769
5.04923
5.76
5.790769
5.747692
5.078461
5.778461
5.66923
5.627692
5.684615
5.630769
5.612307
5.681538
5.644615
5.633846
5.658461
5.624615
5.630769
5.610769
5.563076
5.544615
5.581538
4.94
5.532307
5.530769
5.563076
4.967692
5.546154
5.539999
5.578461
5.550769
5.564615
5.563076
5.546154
5.552307
5.579999
4.944615
5.532307
5.583076
5.518461
5.506154
5.530769
5.544615
5.559999
5.618461
5.60923
5.666153
5.643076
5.612307
5.647692
5.644615
5.613846
5.683076
5.047692
5.581538
5.656923
5.643076
5.587692
5.661538
5.646153
5.593846
5.652307
5.647692
5.003077
5.647692
5.644615
5.587692
5.644615
5.62923
5.699999
5.124615
5.684615
5.698461
5.739999
5.698461
5.698461
5.753846
5.704615
5.690769
5.746153
5.696923
5.656923
5.758461
5.716923
5.696923
5.743076
5.707692
5.704615
5.783076
5.727692
5.103076
5.772307
5.661538
5.633846
5.633846
5.599999
5.575384
5.593846
5.576922
5.616922
5.047692
5.593846
5.573846
5.616922
5.606153
5.603076
5.633846
5.60923
5.610769
5.618461
5.576922
5.581538
5.586153
5.593846
5.598461
5.584615
5.579999
5.033846
5.658461
5.64923
5.704615
5.672307
5.641538
5.681538
5.066154
5.607692
5.655384
5.067692
5.619999
5.647692
5.650769
5.616922
5.635384
5.661538
5.032307
5.623076
5.644615
5.621538
5.601538
5.673846
5.630769
5.630769
5.643076
5.606153
5.010769
5.686153
5.636923
5.593846
5.64923
5.70923
5.727692
5.107692
5.712307
5.76
5.753846
5.116922
5.70923
5.684615
5.667692
5.593846
5.692307
5.667692
5.052307
5.679999
5.676923
5.635384
5.692307
5.666153
5.633846
5.681538
5.673846
5.635384
5.087692
5.647692
5.607692
5.687692
5.655384
5.62923
5.650769
5.624615
5.635384
5.656923
5.050769
5.635384
5.658461
5.636923
5.644615
5.663076
5.635384
5.64923
5.675384
5.646153
5.663076
5.661538
5.627692
5.659999
5.673846
5.636923
5.650769
5.635384
5.624615
5.64923
5.736923
5.712307
5.746153
5.706153
5.092307
5.746153
5.704615
5.733846
5.752307
5.739999
5.730769
5.733846
5.753846
5.743076
5.124615
5.712307
5.736923
5.767692
5.723076
5.743076
5.772307
5.746153
5.72923
5.699999
5.636923
5.632307
5.661538
5.624615
5.603076
5.653846
5.624615
5.04923
5.638461
5.624615
5.644615
5.641538
5.632307
5.626153
5.610769
5.601538
5.650769
5.016922
5.599999
5.623076
5.619999
5.598461
5.646153
5.638461
5.603076
5.627692
5.639999
5.601538
5.615384
5.635384
5.58923
5.733846
5.710769
5.738461
4.230769
4.84923
4.890769
5.158461
5.70923
5.679999
5.656923
5.033846
5.704615
5.663076
5.62923
5.663076
5.638461
5.616922
5.059999
5.461538
4.770769
5.373846
5.646153
5.679999
5.672307
5.687692
5.679999
5.723076
5.678461
5.679999
5.687692
5.666153
5.664615
5.676923
5.692307
5.679999
5.684615
5.663076
5.061538
5.698461
5.673846
5.678461
5.704615
5.686153
5.661538
5.701538
5.681538
5.663076
5.159999
5.712307
5.673846
5.726153
5.695384
5.667692
5.733846
5.698461
5.658461
5.721538
5.70923
5.684615
5.706153
5.683076
5.666153
5.712307
5.683076
5.083076
5.701538
5.656923
5.698461
5.679999
5.647692
5.676923
5.687692
5.673846
5.670769
5.087692
5.644615
5.658461
5.716923
5.664615
5.673846
5.706153
5.661538
5.690769
5.721538
5.673846
5.658461
5.68923
5.766153
5.78
5.756923
5.813846
5.678461
5.663076
5.718461
5.683076
5.083076
5.70923
5.670769
5.684615
5.721538
5.679999
5.690769
5.723076
5.663076
5.693846
5.112307
5.695384
5.693846
5.747692
5.696923
5.687692
5.741538
5.710769
5.673846
5.718461
5.683076
5.667692
5.706153
5.676923
5.644615
5.712307
5.670769
5.070769
5.701538
5.693846
5.223076
5.699999
5.672307
5.695384
5.713846
5.695384
5.68923
5.123076
5.675384
5.673846
5.726153
5.678461
5.664615
5.715384
5.676923
5.64923
5.681538
5.476922
5.284615
5.38923
5.16923
4.423077
4.199999
3.303076
4.715384
4.558461
5.113846
